ages <- c(22, 19,19,20,  24, 19)
