# My Name
# 8/17/21

ans1 <- 4 + 11
ans2 <- (6 + 143 - 151)^3